+------+-------+----+
|CHOICE|SONG_ID|USER|
+------+-------+----+
|    12|   4292|  12|
|    10|   4901|  12|
|    10|   6419|  12|
|     9|   4871|  12|
|     6|    145|  12|
|     6|   1868|  12|
|     5|   5304|  12|
|     5|   3328|  12|
|     5|   1342|  12|
|     5|    101|  12|
+------+-------+----+
only showing top 10 rows

+------+-------+----+
|CHOICE|SONG_ID|USER|
+------+-------+----+
|    36|   1714|  18|
|    26|   1876|  18|
|    25|   6912|  18|
|    22|   4310|  18|
|    21|   3861|  18|
|    20|   3242|  18|
|    16|   2418|  18|
|    13|   7314|  18|
|    12|     36|  18|
|    11|   5803|  18|
+------+-------+----+
only showing top 10 rows

+------+-------+----+
|CHOICE|SONG_ID|USER|
+------+-------+----+
|    31|   1262|  38|
|    26|   5257|  38|
|    23|   1227|  38|
|    23|   3214|  38|
|    17|    578|  38|
|    17|   5145|  38|
|    15|   5086|  38|
|    14|   2054|  38|
|    10|   6035|  38|
|     6|    748|  38|
+------+-------+----+
only showing top 10 rows


